{
  "advancedEditorSelectedIdentifier" : "ProjectBrowser",
  "openSceneRelativePaths" : [
    "Immersive.usda"
  ],
  "recentIdentifiers" : {
    "AF09ED6F-1707-48FD-8720-65B998362C09" : [

    ]
  },
  "sceneCameraHistory" : {
    "AF09ED6F-1707-48FD-8720-65B998362C09" : [
      {
        "date" : 754572206.909016,
        "title" : "Untitled",
        "transform" : [
          0.9776745,
          8.7147356e-10,
          0.21012515,
          0,
          0.10181927,
          0.8747554,
          -0.4737468,
          0,
          -0.18380809,
          0.48456493,
          0.855226,
          0,
          0.0036668181,
          3.4454103,
          5.7745757,
          1
        ]
      },
      {
        "date" : 754572200.586979,
        "title" : "Untitled",
        "transform" : [
          0.9776745,
          8.7147356e-10,
          0.21012515,
          0,
          0.10181927,
          0.8747554,
          -0.4737468,
          0,
          -0.18380809,
          0.48456493,
          0.855226,
          0,
          -0.76143223,
          2.6393242,
          6.0668607,
          1
        ]
      },
      {
        "date" : 754572192.39685,
        "title" : "Untitled",
        "transform" : [
          0.9776745,
          8.7147356e-10,
          0.21012515,
          0,
          0.10181927,
          0.8747554,
          -0.4737468,
          0,
          -0.18380809,
          0.48456493,
          0.855226,
          0,
          0.19744238,
          0.91195774,
          2.5498385,
          1
        ]
      },
      {
        "date" : 754572185.569255,
        "title" : "Untitled",
        "transform" : [
          0.9776745,
          8.7147356e-10,
          0.21012515,
          0,
          0.10181927,
          0.8747554,
          -0.4737468,
          0,
          -0.18380809,
          0.48456493,
          0.855226,
          0,
          -0.6729845,
          0.7433351,
          2.4583044,
          1
        ]
      },
      {
        "date" : 754572175.29689,
        "title" : "Untitled",
        "transform" : [
          0.9776745,
          8.7147356e-10,
          0.21012515,
          0,
          0.10181927,
          0.8747554,
          -0.4737468,
          0,
          -0.18380809,
          0.48456493,
          0.855226,
          0,
          -0.8058268,
          0.7337352,
          2.4351926,
          1
        ]
      },
      {
        "date" : 754572165.009233,
        "title" : "Untitled",
        "transform" : [
          0.9776745,
          8.7147356e-10,
          0.21012515,
          0,
          0.10181927,
          0.8747554,
          -0.4737468,
          0,
          -0.18380809,
          0.48456493,
          0.855226,
          0,
          -1.8862362,
          1.2643,
          1.9023732,
          1
        ]
      },
      {
        "date" : 754572162.044424,
        "title" : "Untitled",
        "transform" : [
          0.9776745,
          8.7147356e-10,
          0.21012515,
          0,
          0.10181927,
          0.8747554,
          -0.4737468,
          0,
          -0.18380809,
          0.48456493,
          0.855226,
          0,
          -1.4529098,
          1.2613,
          1.9972051,
          1
        ]
      },
      {
        "date" : 754572155.747158,
        "title" : "Untitled",
        "transform" : [
          1,
          0,
          0,
          0,
          0,
          0.7071069,
          -0.70710677,
          0,
          0,
          0.70710677,
          0.7071069,
          0,
          -1.0008099,
          1.8353133,
          1.8222673,
          1
        ]
      }
    ]
  },
  "sceneViewportBackgroundColors" : {

  }
}